[1][0][16]
[2][16][32]
[3][32][48]
[4][48][64]
[5][64][80]
[6][80][96]
[7][96][112]
[8][112][128]
[9][128][144]
[10][144][160]
[11][160][176]
[12][176][192]
[13][192][208]
[14][208][224]
[15][224][240]
[16][240][256]
[17][256][272]
[18][272][288]
[19][288][304]
[20][304][320]
[21][320][336]
[22][336][352]
[23][352][368]
[24][368][384]
[25][384][400]
[26][400][416]
[27][416][432]
[28][432][448]
[29][448][464]
[30][464][480]
[31][480][496]
[32][496][512]
[33][512][528]
[34][528][544]
[35][544][560]
[36][560][576]
[37][576][592]
[38][592][608]
[39][608][624]
[40][624][640]
[41][640][656]
[42][656][672]
[43][672][688]
[44][688][704]
[45][704][720]
[46][720][736]
[47][736][752]
[48][752][768]
[49][768][784]
[50][784][800]
[51][800][816]
[52][816][832]
[53][832][848]
[54][848][864]
[55][864][880]
[56][880][896]
[57][896][912]
[58][912][928]
[59][928][944]
[60][944][960]
[61][960][976]
[62][976][992]
[63][992][1008]
[64][1008][1024]
[65][1024][1040]
[66][1040][1056]
[67][1056][1072]
[68][1072][1088]
[69][1088][1104]
[70][1104][1120]
[71][1120][1136]
[72][1136][1152]
[73][1152][1168]
[74][1168][1184]
[75][1184][1200]
[76][1200][1216]
[77][1216][1232]
[78][1232][1248]
[79][1248][1264]
[80][1264][1280]
[81][1280][1296]
[82][1296][1312]
[83][1312][1328]
[84][1328][1344]
[85][1344][1360]
[86][1360][1376]
[87][1376][1392]
[88][1392][1408]
[89][1408][1424]
[90][1424][1440]
[91][1440][1456]
[92][1456][1472]
[93][1472][1488]
[94][1488][1504]
[95][1504][1520]
[96][1520][1536]
[97][1536][1552]
[98][1552][1568]
[99][1568][1584]
[100][1584][1600]
[101][1600][1616]
[102][1616][1632]
[103][1632][1648]
[104][1648][1664]
[105][1664][1680]
[106][1680][1696]
[107][1696][1712]
[108][1712][1728]
[109][1728][1744]
[110][1744][1760]
[111][1760][1776]
[112][1776][1792]
[113][1792][1808]
[114][1808][1824]
[115][1824][1840]
[116][1840][1856]
[117][1856][1872]
[118][1872][1888]
[119][1888][1904]
[120][1904][1920]
[121][1920][1936]
[122][1936][1952]
[123][1952][1968]
[124][1968][1984]
[125][1984][2000]
[126][2000][2016]
[127][2016][2032]
[128][2032][2048]
[129][2048][2064]
[130][2064][2080]
[131][2080][2096]
[132][2096][2112]
[133][2112][2128]
[134][2128][2144]
[135][2144][2160]
[136][2160][2176]
[137][2176][2192]
[138][2192][2208]
[139][2208][2224]
[140][2224][2240]
[141][2240][2256]
[142][2256][2272]
[143][2272][2288]
[144][2288][2304]
[145][2304][2320]
[146][2320][2336]
[147][2336][2352]
[148][2352][2368]
[149][2368][2384]
[150][2384][2400]
[151][2400][2416]
[152][2416][2432]
[153][2432][2448]
[154][2448][2464]
[155][2464][2480]
[156][2480][2496]
[157][2496][2512]
[158][2512][2528]
[159][2528][2544]
[160][2544][2560]
[161][2560][2576]
[162][2576][2592]
[163][2592][2608]
[164][2608][2624]
[165][2624][2640]
[166][2640][2656]
[167][2656][2672]
[168][2672][2688]
[169][2688][2704]
[170][2704][2720]
[171][2720][2736]
[172][2736][2752]
[173][2752][2768]
[174][2768][2784]
[175][2784][2800]
[176][2800][2816]
[177][2816][2832]
[178][2832][2848]
[179][2848][2864]
[180][2864][2880]
[181][2880][2896]
[182][2896][2912]
[183][2912][2928]
[184][2928][2944]
[185][2944][2960]
[186][2960][2976]
[187][2976][2992]
[188][2992][3008]
[189][3008][3024]
[190][3024][3040]
[191][3040][3056]
[192][3056][3072]
[193][3072][3088]
[194][3088][3104]
[195][3104][3120]
[196][3120][3136]
[197][3136][3152]
[198][3152][3168]
[199][3168][3184]
[200][3184][3200]
[201][3200][3216]
[202][3216][3232]
[203][3232][3248]
[204][3248][3264]
[205][3264][3280]
[206][3280][3296]
[207][3296][3312]
[208][3312][3328]
[209][3328][3344]
[210][3344][3360]
[211][3360][3376]
[212][3376][3392]
[213][3392][3408]
[214][3408][3424]
[215][3424][3440]
[216][3440][3456]
[217][3456][3472]
[218][3472][3488]
[219][3488][3504]
[220][3504][3520]
[221][3520][3536]
[222][3536][3552]
[223][3552][3568]
[224][3568][3584]
[225][3584][3600]
[226][3600][3616]
[227][3616][3632]
[228][3632][3648]
[229][3648][3664]
[230][3664][3680]
[231][3680][3696]
[232][3696][3712]
[233][3712][3728]
[234][3728][3744]
[235][3744][3760]
[236][3760][3776]
[237][3776][3792]
[238][3792][3808]
[239][3808][3824]
[240][3824][3840]
[241][3840][3856]
[242][3856][3872]
[243][3872][3888]
[244][3888][3904]
[245][3904][3920]
[246][3920][3936]
[247][3936][3952]
[248][3952][3968]
[249][3968][3984]
[250][3984][4000]
[251][4000][4016]
[252][4016][4032]
[253][4032][4048]
[254][4048][4064]
[255][4064][4080]
[256][4080][4096]
[257][4096][4112]
[258][4112][4128]
[259][4128][4144]
[260][4144][4160]
[261][4160][4176]
[262][4176][4192]
[263][4192][4208]
[264][4208][4224]
[265][4224][4240]
[266][4240][4256]
[267][4256][4272]
[268][4272][4288]
[269][4288][4304]
[270][4304][4320]
[271][4320][4336]
[272][4336][4352]
[273][4352][4368]
[274][4368][4384]
[275][4384][4400]
[276][4400][4416]
[277][4416][4432]
[278][4432][4448]
[279][4448][4464]
[280][4464][4480]
[281][4480][4496]
[282][4496][4512]
[283][4512][4528]
[284][4528][4544]
[285][4544][4560]
[286][4560][4576]
[287][4576][4592]
[288][4592][4608]
[289][4608][4624]
[290][4624][4640]
[291][4640][4656]
[292][4656][4672]
[293][4672][4688]
[294][4688][4704]
[295][4704][4720]
[296][4720][4736]
[297][4736][4752]
[298][4752][4768]
[299][4768][4784]
[300][4784][4800]
[301][4800][4816]
[302][4816][4832]
[303][4832][4848]
[304][4848][4864]
[305][4864][4880]
[306][4880][4896]
[307][4896][4912]
[308][4912][4928]
[309][4928][4944]
[310][4944][4960]
[311][4960][4976]
[312][4976][4992]
[313][4992][5008]
[314][5008][5024]
[315][5024][5040]
[316][5040][5056]
[317][5056][5072]
[318][5072][5088]
[319][5088][5104]
[320][5104][5120]
[321][5120][5136]
[322][5136][5152]
[323][5152][5168]
[324][5168][5184]
[325][5184][5200]
[326][5200][5216]
[327][5216][5232]
[328][5232][5248]
[329][5248][5264]
[330][5264][5280]
[331][5280][5296]
[332][5296][5312]
[333][5312][5328]
[334][5328][5344]
[335][5344][5360]
[336][5360][5376]
[337][5376][5392]
[338][5392][5408]
[339][5408][5424]
[340][5424][5440]
[341][5440][5456]
[342][5456][5472]
[343][5472][5488]
[344][5488][5504]
[345][5504][5520]
[346][5520][5536]
[347][5536][5552]
[348][5552][5568]
[349][5568][5584]
[350][5584][5600]
[351][5600][5616]
[352][5616][5632]
[353][5632][5648]
[354][5648][5664]
[355][5664][5680]
[356][5680][5696]
[357][5696][5712]
[358][5712][5728]
[359][5728][5744]
[360][5744][5760]
[361][5760][5776]
[362][5776][5792]
[363][5792][5808]
[364][5808][5824]
[365][5824][5840]
[366][5840][5856]
[367][5856][5872]
[368][5872][5888]
[369][5888][5904]
[370][5904][5920]
[371][5920][5936]
[372][5936][5952]
[373][5952][5968]
[374][5968][5984]
[375][5984][6000]
[376][6000][6016]
[377][6016][6032]
[378][6032][6048]
[379][6048][6064]
[380][6064][6080]
[381][6080][6096]
[382][6096][6112]
[383][6112][6128]
[384][6128][6144]
[385][6144][6160]
[386][6160][6176]
[387][6176][6192]
[388][6192][6208]
[389][6208][6224]
[390][6224][6240]
[391][6240][6256]
[392][6256][6272]
[393][6272][6288]
[394][6288][6304]
[395][6304][6320]
[396][6320][6336]
[397][6336][6352]
[398][6352][6368]
[399][6368][6384]
[400][6384][6400]
[401][6400][6416]
[402][6416][6432]
[403][6432][6448]
[404][6448][6464]
[405][6464][6480]
[406][6480][6496]
[407][6496][6512]
[408][6512][6528]
[409][6528][6544]
[410][6544][6560]
[411][6560][6576]
[412][6576][6592]
[413][6592][6608]
[414][6608][6624]
[415][6624][6640]
[416][6640][6656]
[417][6656][6672]
[418][6672][6688]
[419][6688][6704]
[420][6704][6720]
[421][6720][6736]
[422][6736][6752]
[423][6752][6768]
[424][6768][6784]
[425][6784][6800]
[426][6800][6816]
[427][6816][6832]
[428][6832][6848]
[429][6848][6864]
[430][6864][6880]
[431][6880][6896]
[432][6896][6912]
[433][6912][6928]
[434][6928][6944]
[435][6944][6960]
[436][6960][6976]
[437][6976][6992]
[438][6992][7008]
[439][7008][7024]
[440][7024][7040]
[441][7040][7056]
[442][7056][7072]
[443][7072][7088]
[444][7088][7104]
[445][7104][7120]
[446][7120][7136]
[447][7136][7152]
[448][7152][7168]
[449][7168][7184]
[450][7184][7200]
[451][7200][7216]
[452][7216][7232]
[453][7232][7248]
[454][7248][7264]
[455][7264][7280]
[456][7280][7296]
[457][7296][7312]
[458][7312][7328]
[459][7328][7344]
[460][7344][7360]
[461][7360][7376]
[462][7376][7392]
[463][7392][7408]
[464][7408][7424]
[465][7424][7440]
[466][7440][7456]
[467][7456][7472]
[468][7472][7488]
[469][7488][7504]
[470][7504][7520]
[471][7520][7536]
[472][7536][7552]
[473][7552][7568]
[474][7568][7584]
[475][7584][7600]
[476][7600][7616]
[477][7616][7632]
[478][7632][7648]
[479][7648][7664]
[480][7664][7680]
[481][7680][7696]
[482][7696][7712]
[483][7712][7728]
[484][7728][7744]
[485][7744][7760]
[486][7760][7776]
[487][7776][7792]
[488][7792][7808]
[489][7808][7824]
[490][7824][7840]
[491][7840][7856]
[492][7856][7872]
[493][7872][7888]
[494][7888][7904]
[495][7904][7920]
[496][7920][7936]
[497][7936][7952]
[498][7952][7968]
[499][7968][7984]
[500][7984][8000]
[501][8000][8016]
[502][8016][8032]
[503][8032][8048]
[504][8048][8064]
[505][8064][8080]
[506][8080][8096]
[507][8096][8112]
[508][8112][8128]
[509][8128][8144]
[510][8144][8160]
[511][8160][8176]
[512][8176][8192]
[513][8192][8208]
[514][8208][8224]
[515][8224][8240]
[516][8240][8256]
[517][8256][8272]
[518][8272][8288]
[519][8288][8304]
[520][8304][8320]
[521][8320][8336]
[522][8336][8352]
[523][8352][8368]
[524][8368][8384]
[525][8384][8400]
[526][8400][8416]
[527][8416][8432]
[528][8432][8448]
[529][8448][8464]
[530][8464][8480]
[531][8480][8496]
[532][8496][8512]
[533][8512][8528]
[534][8528][8544]
[535][8544][8560]
[536][8560][8576]
[537][8576][8592]
[538][8592][8608]
[539][8608][8624]
[540][8624][8640]
[541][8640][8656]
[542][8656][8672]
[543][8672][8688]
[544][8688][8704]
[545][8704][8720]
[546][8720][8736]
[547][8736][8752]
[548][8752][8768]
[549][8768][8784]
[550][8784][8800]
[551][8800][8816]
[552][8816][8832]
[553][8832][8848]
[554][8848][8864]
[555][8864][8880]
[556][8880][8896]
[557][8896][8912]
[558][8912][8928]
[559][8928][8944]
[560][8944][8960]
[561][8960][8976]
[562][8976][8992]
[563][8992][9008]
[564][9008][9024]
[565][9024][9040]
[566][9040][9056]
[567][9056][9072]
[568][9072][9088]
[569][9088][9104]
[570][9104][9120]
[571][9120][9136]
[572][9136][9152]
[573][9152][9168]
[574][9168][9184]
[575][9184][9200]
[576][9200][9216]
[577][9216][9232]
[578][9232][9248]
[579][9248][9264]
[580][9264][9280]
[581][9280][9296]
[582][9296][9312]
[583][9312][9328]
[584][9328][9344]
[585][9344][9360]
[586][9360][9376]
[587][9376][9392]
[588][9392][9408]
[589][9408][9424]
[590][9424][9440]
[591][9440][9456]
[592][9456][9472]
[593][9472][9488]
[594][9488][9504]
[595][9504][9520]
[596][9520][9536]
[597][9536][9552]
[598][9552][9568]
[599][9568][9584]
[600][9584][9600]
[601][9600][9616]
[602][9616][9632]
[603][9632][9648]
[604][9648][9664]
[605][9664][9680]
[606][9680][9696]
[607][9696][9712]
[608][9712][9728]
[609][9728][9744]
[610][9744][9760]
[611][9760][9776]
[612][9776][9792]
[613][9792][9808]
[614][9808][9824]
[615][9824][9840]
[616][9840][9856]
[617][9856][9872]
[618][9872][9888]
[619][9888][9904]
[620][9904][9920]
[621][9920][9936]
[622][9936][9952]
[623][9952][9968]
[624][9968][9984]
[625][9984][10000]
[626][10000][10016]
[627][10016][10032]
[628][10032][10048]
[629][10048][10064]
[630][10064][10080]
[631][10080][10096]
[632][10096][10112]
[633][10112][10128]
[634][10128][10144]
[635][10144][10160]
[636][10160][10176]
[637][10176][10192]
[638][10192][10208]
[639][10208][10224]
[640][10224][10240]
[641][10240][10256]
[642][10256][10272]
[643][10272][10288]
[644][10288][10304]
[645][10304][10320]
[646][10320][10336]
[647][10336][10352]
[648][10352][10368]
[649][10368][10384]
[650][10384][10400]
[651][10400][10416]
[652][10416][10432]
[653][10432][10448]
[654][10448][10464]
[655][10464][10480]
[656][10480][10496]
[657][10496][10512]
[658][10512][10528]
[659][10528][10544]
[660][10544][10560]
[661][10560][10576]
[662][10576][10592]
[663][10592][10608]
[664][10608][10624]
[665][10624][10640]
[666][10640][10656]
[667][10656][10672]
[668][10672][10688]
[669][10688][10704]
[670][10704][10720]
[671][10720][10736]
[672][10736][10752]
[673][10752][10768]
[674][10768][10784]
[675][10784][10800]
[676][10800][10816]
[677][10816][10832]
[678][10832][10848]
[679][10848][10864]
[680][10864][10880]
[681][10880][10896]
[682][10896][10912]
[683][10912][10928]
[684][10928][10944]
[685][10944][10960]
[686][10960][10976]
[687][10976][10992]
[688][10992][11008]
[689][11008][11024]
[690][11024][11040]
[691][11040][11056]
[692][11056][11072]
[693][11072][11088]
[694][11088][11104]
[695][11104][11120]
[696][11120][11136]
[697][11136][11152]
[698][11152][11168]
[699][11168][11184]
[700][11184][11200]
[701][11200][11216]
[702][11216][11232]
[703][11232][11248]
[704][11248][11264]
[705][11264][11280]
[706][11280][11296]
[707][11296][11312]
[708][11312][11328]
[709][11328][11344]
[710][11344][11360]
[711][11360][11376]
[712][11376][11392]
[713][11392][11408]
[714][11408][11424]
[715][11424][11440]
[716][11440][11456]
[717][11456][11472]
[718][11472][11488]
[719][11488][11504]
[720][11504][11520]
[721][11520][11536]
[722][11536][11552]
[723][11552][11568]
[724][11568][11584]
[725][11584][11600]
[726][11600][11616]
[727][11616][11632]
[728][11632][11648]
[729][11648][11664]
[730][11664][11680]
[731][11680][11696]
[732][11696][11712]
[733][11712][11728]
[734][11728][11744]
[735][11744][11760]
[736][11760][11776]
[737][11776][11792]
[738][11792][11808]
[739][11808][11824]
[740][11824][11840]
[741][11840][11856]
[742][11856][11872]
[743][11872][11888]
[744][11888][11904]
[745][11904][11920]
[746][11920][11936]
[747][11936][11952]
[748][11952][11968]
[749][11968][11984]
[750][11984][12000]
[751][12000][12016]
[752][12016][12032]
[753][12032][12048]
[754][12048][12064]
[755][12064][12080]
[756][12080][12096]
[757][12096][12112]
[758][12112][12128]
[759][12128][12144]
[760][12144][12160]
[761][12160][12176]
[762][12176][12192]
[763][12192][12208]
[764][12208][12224]
[765][12224][12240]
[766][12240][12256]
[767][12256][12272]
[768][12272][12288]
[769][12288][12304]
[770][12304][12320]
[771][12320][12336]
[772][12336][12352]
[773][12352][12368]
[774][12368][12384]
[775][12384][12400]
[776][12400][12416]
[777][12416][12432]
[778][12432][12448]
[779][12448][12464]
[780][12464][12480]
[781][12480][12496]
[782][12496][12512]
[783][12512][12528]
[784][12528][12544]
[785][12544][12560]
[786][12560][12576]
[787][12576][12592]
[788][12592][12608]
[789][12608][12624]
[790][12624][12640]
[791][12640][12656]
[792][12656][12672]
[793][12672][12688]
[794][12688][12704]
[795][12704][12720]
[796][12720][12736]
[797][12736][12752]
[798][12752][12768]
[799][12768][12784]
[800][12784][12800]
[801][12800][12816]
[802][12816][12832]
[803][12832][12848]
[804][12848][12864]
[805][12864][12880]
[806][12880][12896]
[807][12896][12912]
[808][12912][12928]
[809][12928][12944]
[810][12944][12960]
[811][12960][12976]
[812][12976][12992]
[813][12992][13008]
[814][13008][13024]
[815][13024][13040]
[816][13040][13056]
[817][13056][13072]
[818][13072][13088]
[819][13088][13104]
[820][13104][13120]
[821][13120][13136]
[822][13136][13152]
[823][13152][13168]
[824][13168][13184]
[825][13184][13200]
[826][13200][13216]
[827][13216][13232]
[828][13232][13248]
[829][13248][13264]
[830][13264][13280]
[831][13280][13296]
[832][13296][13312]
[833][13312][13328]
[834][13328][13344]
[835][13344][13360]
[836][13360][13376]
[837][13376][13392]
[838][13392][13408]
[839][13408][13424]
[840][13424][13440]
[841][13440][13456]
[842][13456][13472]
[843][13472][13488]
[844][13488][13504]
[845][13504][13520]
[846][13520][13536]
[847][13536][13552]
[848][13552][13568]
[849][13568][13584]
[850][13584][13600]
[851][13600][13616]
[852][13616][13632]
[853][13632][13648]
[854][13648][13664]
[855][13664][13680]
[856][13680][13696]
[857][13696][13712]
[858][13712][13728]
[859][13728][13744]
[860][13744][13760]
[861][13760][13776]
[862][13776][13792]
[863][13792][13808]
[864][13808][13824]
[865][13824][13840]
[866][13840][13856]
[867][13856][13872]
[868][13872][13888]
[869][13888][13904]
[870][13904][13920]
[871][13920][13936]
[872][13936][13952]
[873][13952][13968]
[874][13968][13984]
[875][13984][14000]
[876][14000][14016]
[877][14016][14032]
[878][14032][14048]
[879][14048][14064]
[880][14064][14080]
[881][14080][14096]
[882][14096][14112]
[883][14112][14128]
[884][14128][14144]
[885][14144][14160]
[886][14160][14176]
[887][14176][14192]
[888][14192][14208]
[889][14208][14224]
[890][14224][14240]
[891][14240][14256]
[892][14256][14272]
[893][14272][14288]
[894][14288][14304]
[895][14304][14320]
[896][14320][14336]
[897][14336][14352]
[898][14352][14368]
[899][14368][14384]
[900][14384][14400]
[901][14400][14416]
[902][14416][14432]
[903][14432][14448]
[904][14448][14464]
[905][14464][14480]
[906][14480][14496]
[907][14496][14512]
[908][14512][14528]
[909][14528][14544]
[910][14544][14560]
[911][14560][14576]
[912][14576][14592]
[913][14592][14608]
[914][14608][14624]
[915][14624][14640]
[916][14640][14656]
[917][14656][14672]
[918][14672][14688]
[919][14688][14704]
[920][14704][14720]
[921][14720][14736]
[922][14736][14752]
[923][14752][14768]
[924][14768][14784]
[925][14784][14800]
[926][14800][14816]
[927][14816][14832]
[928][14832][14848]
[929][14848][14864]
[930][14864][14880]
[931][14880][14896]
[932][14896][14912]
[933][14912][14928]
[934][14928][14944]
[935][14944][14960]
[936][14960][14976]
[937][14976][14992]
[938][14992][15008]
[939][15008][15024]
[940][15024][15040]
[941][15040][15056]
[942][15056][15072]
[943][15072][15088]
[944][15088][15104]
[945][15104][15120]
[946][15120][15136]
[947][15136][15152]
[948][15152][15168]
[949][15168][15184]
[950][15184][15200]
[951][15200][15216]
[952][15216][15232]
[953][15232][15248]
[954][15248][15264]
[955][15264][15280]
[956][15280][15296]
[957][15296][15312]
[958][15312][15328]
[959][15328][15344]
[960][15344][15360]
[961][15360][15376]
[962][15376][15392]
[963][15392][15408]
[964][15408][15424]
[965][15424][15440]
[966][15440][15456]
[967][15456][15472]
[968][15472][15488]
[969][15488][15504]
[970][15504][15520]
[971][15520][15536]
[972][15536][15552]
[973][15552][15568]
[974][15568][15584]
[975][15584][15600]
[976][15600][15616]
[977][15616][15632]
[978][15632][15648]
[979][15648][15664]
[980][15664][15680]
[981][15680][15696]
[982][15696][15712]
[983][15712][15728]
[984][15728][15744]
[985][15744][15760]
[986][15760][15776]
[987][15776][15792]
[988][15792][15808]
[989][15808][15824]
[990][15824][15840]
[991][15840][15856]
[992][15856][15872]
[993][15872][15888]
[994][15888][15904]
[995][15904][15920]
[996][15920][15936]
[997][15936][15952]
[998][15952][15968]
[999][15968][15984]
[1000][15984][16000]
[1001][16000][16016]
[1002][16016][16032]
[1003][16032][16048]
[1004][16048][16064]
[1005][16064][16080]
[1006][16080][16096]
[1007][16096][16112]
[1008][16112][16128]
[1009][16128][16144]
[1010][16144][16160]
[1011][16160][16176]
[1012][16176][16192]
[1013][16192][16208]
[1014][16208][16224]
[1015][16224][16240]
[1016][16240][16256]
[1017][16256][16272]
[1018][16272][16288]
[1019][16288][16304]
[1020][16304][16320]
[1021][16320][16336]
[1022][16336][16352]
[1023][16352][16368]
[1024][16368][16384]
[1025][16384][16400]
[1026][16400][16416]
[1027][16416][16432]
[1028][16432][16448]
[1029][16448][16464]
[1030][16464][16480]
[1031][16480][16496]
[1032][16496][16512]
[1033][16512][16528]
[1034][16528][16544]
[1035][16544][16560]
[1036][16560][16576]
[1037][16576][16592]
[1038][16592][16608]
[1039][16608][16624]
[1040][16624][16640]
[1041][16640][16656]
[1042][16656][16672]
[1043][16672][16688]
[1044][16688][16704]
[1045][16704][16720]
[1046][16720][16736]
[1047][16736][16752]
[1048][16752][16768]
[1049][16768][16784]
[1050][16784][16800]
[1051][16800][16816]
[1052][16816][16832]
[1053][16832][16848]
[1054][16848][16864]
[1055][16864][16880]
[1056][16880][16896]
[1057][16896][16912]
[1058][16912][16928]
[1059][16928][16944]
[1060][16944][16960]
[1061][16960][16976]
[1062][16976][16992]
[1063][16992][17008]
[1064][17008][17024]
[1065][17024][17040]
[1066][17040][17056]
[1067][17056][17072]
[1068][17072][17088]
[1069][17088][17104]
[1070][17104][17120]
[1071][17120][17136]
[1072][17136][17152]
[1073][17152][17168]
[1074][17168][17184]
[1075][17184][17200]
[1076][17200][17216]
[1077][17216][17232]
[1078][17232][17248]
[1079][17248][17264]
[1080][17264][17280]
[1081][17280][17296]
[1082][17296][17312]
[1083][17312][17328]
[1084][17328][17344]
[1085][17344][17360]
[1086][17360][17376]
[1087][17376][17392]
[1088][17392][17408]
[1089][17408][17424]
[1090][17424][17440]
[1091][17440][17456]
[1092][17456][17472]
[1093][17472][17488]
[1094][17488][17504]
[1095][17504][17520]
[1096][17520][17536]
[1097][17536][17552]
[1098][17552][17568]
[1099][17568][17584]
[1100][17584][17600]
[1101][17600][17616]
[1102][17616][17632]
[1103][17632][17648]
[1104][17648][17664]
[1105][17664][17680]
[1106][17680][17696]
[1107][17696][17712]
[1108][17712][17728]
[1109][17728][17744]
[1110][17744][17760]
[1111][17760][17776]
[1112][17776][17792]
[1113][17792][17808]
[1114][17808][17824]
[1115][17824][17840]
[1116][17840][17856]
[1117][17856][17872]
[1118][17872][17888]
[1119][17888][17904]
[1120][17904][17920]
[1121][17920][17936]
[1122][17936][17952]
[1123][17952][17968]
[1124][17968][17984]
[1125][17984][18000]
[1126][18000][18016]
[1127][18016][18032]
[1128][18032][18048]
[1129][18048][18064]
[1130][18064][18080]
[1131][18080][18096]
[1132][18096][18112]
[1133][18112][18128]
[1134][18128][18144]
[1135][18144][18160]
[1136][18160][18176]
[1137][18176][18192]
[1138][18192][18208]
[1139][18208][18224]
[1140][18224][18240]
[1141][18240][18256]
[1142][18256][18272]
[1143][18272][18288]
[1144][18288][18304]
[1145][18304][18320]
[1146][18320][18336]
[1147][18336][18352]
[1148][18352][18368]
[1149][18368][18384]
[1150][18384][18400]
[1151][18400][18416]
[1152][18416][18432]
[1153][18432][18448]
[1154][18448][18464]
[1155][18464][18480]
[1156][18480][18496]
[1157][18496][18512]
[1158][18512][18528]
[1159][18528][18544]
[1160][18544][18560]
[1161][18560][18576]
[1162][18576][18592]
[1163][18592][18608]
[1164][18608][18624]
[1165][18624][18640]
[1166][18640][18656]
[1167][18656][18672]
[1168][18672][18688]
[1169][18688][18704]
[1170][18704][18720]
[1171][18720][18736]
[1172][18736][18752]
[1173][18752][18768]
[1174][18768][18784]
[1175][18784][18800]
[1176][18800][18816]
[1177][18816][18832]
[1178][18832][18848]
[1179][18848][18864]
[1180][18864][18880]
[1181][18880][18896]
[1182][18896][18912]
[1183][18912][18928]
[1184][18928][18944]
[1185][18944][18960]
[1186][18960][18976]
[1187][18976][18992]
[1188][18992][19008]
[1189][19008][19024]
[1190][19024][19040]
[1191][19040][19056]
[1192][19056][19072]
[1193][19072][19088]
[1194][19088][19104]
[1195][19104][19120]
[1196][19120][19136]
[1197][19136][19152]
[1198][19152][19168]
[1199][19168][19184]
[1200][19184][19200]
[1201][19200][19216]
[1202][19216][19232]
[1203][19232][19248]
[1204][19248][19264]
[1205][19264][19280]
[1206][19280][19296]
[1207][19296][19312]
[1208][19312][19328]
[1209][19328][19344]
[1210][19344][19360]
[1211][19360][19376]
[1212][19376][19392]
[1213][19392][19408]
[1214][19408][19424]
[1215][19424][19440]
[1216][19440][19456]
[1217][19456][19472]
[1218][19472][19488]
[1219][19488][19504]
[1220][19504][19520]
[1221][19520][19536]
[1222][19536][19552]
[1223][19552][19568]
[1224][19568][19584]
[1225][19584][19600]
[1226][19600][19616]
[1227][19616][19632]
[1228][19632][19648]
[1229][19648][19664]
[1230][19664][19680]
[1231][19680][19696]
[1232][19696][19712]
[1233][19712][19728]
[1234][19728][19744]
[1235][19744][19760]
[1236][19760][19776]
[1237][19776][19792]
[1238][19792][19808]
[1239][19808][19824]
[1240][19824][19840]
[1241][19840][19856]
[1242][19856][19872]
[1243][19872][19888]
[1244][19888][19904]
[1245][19904][19920]
[1246][19920][19936]
[1247][19936][19952]
[1248][19952][19968]
[1249][19968][19984]
[1250][19984][20000]
[1251][20000][20016]
[1252][20016][20032]
[1253][20032][20048]
[1254][20048][20064]
[1255][20064][20080]
[1256][20080][20096]
[1257][20096][20112]
[1258][20112][20128]
[1259][20128][20144]
[1260][20144][20160]
[1261][20160][20176]
[1262][20176][20192]
[1263][20192][20208]
[1264][20208][20224]
[1265][20224][20240]
[1266][20240][20256]
[1267][20256][20272]
[1268][20272][20288]
[1269][20288][20304]
[1270][20304][20320]
[1271][20320][20336]
[1272][20336][20352]
[1273][20352][20368]
[1274][20368][20384]
[1275][20384][20400]
[1276][20400][20416]
[1277][20416][20432]
[1278][20432][20448]
[1279][20448][20464]
[1280][20464][20480]
[1281][20480][20496]
[1282][20496][20512]
[1283][20512][20528]
[1284][20528][20544]
[1285][20544][20560]
[1286][20560][20576]
[1287][20576][20592]
[1288][20592][20608]
[1289][20608][20624]
[1290][20624][20640]
[1291][20640][20656]
[1292][20656][20672]
[1293][20672][20688]
[1294][20688][20704]
[1295][20704][20720]
[1296][20720][20736]
[1297][20736][20752]
[1298][20752][20768]
[1299][20768][20784]
[1300][20784][20800]
[1301][20800][20816]
[1302][20816][20832]
[1303][20832][20848]
[1304][20848][20864]
[1305][20864][20880]
[1306][20880][20896]
[1307][20896][20912]
[1308][20912][20928]
[1309][20928][20944]
[1310][20944][20960]
[1311][20960][20976]
[1312][20976][20992]
[1313][20992][21008]
[1314][21008][21024]
[1315][21024][21040]
[1316][21040][21056]
[1317][21056][21072]
[1318][21072][21088]
[1319][21088][21104]
[1320][21104][21120]
[1321][21120][21136]
[1322][21136][21152]
[1323][21152][21168]
[1324][21168][21184]
[1325][21184][21200]
[1326][21200][21216]
[1327][21216][21232]
[1328][21232][21248]
[1329][21248][21264]
[1330][21264][21280]
[1331][21280][21296]
[1332][21296][21312]
[1333][21312][21328]
[1334][21328][21344]
[1335][21344][21360]
[1336][21360][21376]
[1337][21376][21392]
[1338][21392][21408]
[1339][21408][21424]
[1340][21424][21440]
[1341][21440][21456]
[1342][21456][21472]
[1343][21472][21488]
[1344][21488][21504]
[1345][21504][21520]
[1346][21520][21536]
[1347][21536][21552]
[1348][21552][21568]
[1349][21568][21584]
[1350][21584][21600]
[1351][21600][21616]
[1352][21616][21632]
[1353][21632][21648]
[1354][21648][21664]
[1355][21664][21680]
[1356][21680][21696]
[1357][21696][21712]
[1358][21712][21728]
[1359][21728][21744]
[1360][21744][21760]
[1361][21760][21776]
[1362][21776][21792]
[1363][21792][21808]
[1364][21808][21824]
[1365][21824][21840]
[1366][21840][21856]
[1367][21856][21872]
[1368][21872][21888]
[1369][21888][21904]
[1370][21904][21920]
[1371][21920][21936]
[1372][21936][21952]
[1373][21952][21968]
[1374][21968][21984]
[1375][21984][22000]
[1376][22000][22016]
[1377][22016][22032]
[1378][22032][22048]
[1379][22048][22064]
[1380][22064][22080]
[1381][22080][22096]
[1382][22096][22112]
[1383][22112][22128]
[1384][22128][22144]
[1385][22144][22160]
[1386][22160][22176]
[1387][22176][22192]
[1388][22192][22208]
[1389][22208][22224]
[1390][22224][22240]
[1391][22240][22256]
[1392][22256][22272]
[1393][22272][22288]
[1394][22288][22304]
[1395][22304][22320]
[1396][22320][22336]
[1397][22336][22352]
[1398][22352][22368]
[1399][22368][22384]
[1400][22384][22400]
[1401][22400][22416]
[1402][22416][22432]
[1403][22432][22448]
[1404][22448][22464]
[1405][22464][22480]
[1406][22480][22496]
[1407][22496][22512]
[1408][22512][22528]
[1409][22528][22544]
[1410][22544][22560]
[1411][22560][22576]
[1412][22576][22592]
[1413][22592][22608]
[1414][22608][22624]
[1415][22624][22640]
[1416][22640][22656]
[1417][22656][22672]
[1418][22672][22688]
[1419][22688][22704]
[1420][22704][22720]
[1421][22720][22736]
[1422][22736][22752]
[1423][22752][22768]
[1424][22768][22784]
[1425][22784][22800]
[1426][22800][22816]
[1427][22816][22832]
[1428][22832][22848]
[1429][22848][22864]
[1430][22864][22880]
[1431][22880][22896]
[1432][22896][22912]
[1433][22912][22928]
[1434][22928][22944]
[1435][22944][22960]
[1436][22960][22976]
[1437][22976][22992]
[1438][22992][23008]
[1439][23008][23024]
[1440][23024][23040]
[1441][23040][23056]
[1442][23056][23072]
[1443][23072][23088]
[1444][23088][23104]
[1445][23104][23120]
[1446][23120][23136]
[1447][23136][23152]
[1448][23152][23168]
[1449][23168][23184]
[1450][23184][23200]
[1451][23200][23216]
[1452][23216][23232]
[1453][23232][23248]
[1454][23248][23264]
[1455][23264][23280]
[1456][23280][23296]
[1457][23296][23312]
[1458][23312][23328]
[1459][23328][23344]
[1460][23344][23360]
[1461][23360][23376]
[1462][23376][23392]
[1463][23392][23408]
[1464][23408][23424]
[1465][23424][23440]
[1466][23440][23456]
[1467][23456][23472]
[1468][23472][23488]
[1469][23488][23504]
[1470][23504][23520]
[1471][23520][23536]
[1472][23536][23552]
[1473][23552][23568]
[1474][23568][23584]
[1475][23584][23600]
[1476][23600][23616]
[1477][23616][23632]
[1478][23632][23648]
[1479][23648][23664]
[1480][23664][23680]
[1481][23680][23696]
[1482][23696][23712]
[1483][23712][23728]
[1484][23728][23744]
[1485][23744][23760]
[1486][23760][23776]
[1487][23776][23792]
[1488][23792][23808]
[1489][23808][23824]
[1490][23824][23840]
[1491][23840][23856]
[1492][23856][23872]
[1493][23872][23888]
[1494][23888][23904]
[1495][23904][23920]
[1496][23920][23936]
[1497][23936][23952]
[1498][23952][23968]
[1499][23968][23984]
[1500][23984][24000]
[1501][24000][24016]
[1502][24016][24032]
[1503][24032][24048]
[1504][24048][24064]
[1505][24064][24080]
[1506][24080][24096]
[1507][24096][24112]
[1508][24112][24128]
[1509][24128][24144]
[1510][24144][24160]
[1511][24160][24176]
[1512][24176][24192]
[1513][24192][24208]
[1514][24208][24224]
[1515][24224][24240]
[1516][24240][24256]
[1517][24256][24272]
[1518][24272][24288]
[1519][24288][24304]
[1520][24304][24320]
[1521][24320][24336]
[1522][24336][24352]
[1523][24352][24368]
[1524][24368][24384]
[1525][24384][24400]
[1526][24400][24416]
[1527][24416][24432]
[1528][24432][24448]
[1529][24448][24464]
[1530][24464][24480]
[1531][24480][24496]
[1532][24496][24512]
[1533][24512][24528]
[1534][24528][24544]
[1535][24544][24560]
[1536][24560][24576]
[1537][24576][24592]
[1538][24592][24608]
[1539][24608][24624]
[1540][24624][24640]
[1541][24640][24656]
[1542][24656][24672]
[1543][24672][24688]
[1544][24688][24704]
[1545][24704][24720]
[1546][24720][24736]
[1547][24736][24752]
[1548][24752][24768]
[1549][24768][24784]
[1550][24784][24800]
[1551][24800][24816]
[1552][24816][24832]
[1553][24832][24848]
[1554][24848][24864]
[1555][24864][24880]
[1556][24880][24896]
[1557][24896][24912]
[1558][24912][24928]
[1559][24928][24944]
[1560][24944][24960]
[1561][24960][24976]
[1562][24976][24992]
[1563][24992][25008]
[1564][25008][25024]
[1565][25024][25040]
[1566][25040][25056]
[1567][25056][25072]
[1568][25072][25088]
[1569][25088][25104]
[1570][25104][25120]
[1571][25120][25136]
[1572][25136][25152]
[1573][25152][25168]
[1574][25168][25184]
[1575][25184][25200]
[1576][25200][25216]
[1577][25216][25232]
[1578][25232][25248]
[1579][25248][25264]
[1580][25264][25280]
[1581][25280][25296]
[1582][25296][25312]
[1583][25312][25328]
[1584][25328][25344]
[1585][25344][25360]
[1586][25360][25376]
[1587][25376][25392]
[1588][25392][25408]
[1589][25408][25424]
[1590][25424][25440]
[1591][25440][25456]
[1592][25456][25472]
[1593][25472][25488]
[1594][25488][25504]
[1595][25504][25520]
[1596][25520][25536]
[1597][25536][25552]
[1598][25552][25568]
[1599][25568][25584]
[1600][25584][25600]
[1601][25600][25616]
[1602][25616][25632]
[1603][25632][25648]
[1604][25648][25664]
[1605][25664][25680]
[1606][25680][25696]
[1607][25696][25712]
[1608][25712][25728]
[1609][25728][25744]
[1610][25744][25760]
[1611][25760][25776]
[1612][25776][25792]
[1613][25792][25808]
[1614][25808][25824]
[1615][25824][25840]
[1616][25840][25856]
[1617][25856][25872]
[1618][25872][25888]
[1619][25888][25904]
[1620][25904][25920]
[1621][25920][25936]
[1622][25936][25952]
[1623][25952][25968]
[1624][25968][25984]
[1625][25984][26000]
[1626][26000][26016]
[1627][26016][26032]
[1628][26032][26048]
[1629][26048][26064]
[1630][26064][26080]
[1631][26080][26096]
[1632][26096][26112]
[1633][26112][26128]
[1634][26128][26144]
[1635][26144][26160]
[1636][26160][26176]
[1637][26176][26192]
[1638][26192][26208]
[1639][26208][26224]
[1640][26224][26240]
[1641][26240][26256]
[1642][26256][26272]
[1643][26272][26288]
[1644][26288][26304]
[1645][26304][26320]
[1646][26320][26336]
[1647][26336][26352]
[1648][26352][26368]
[1649][26368][26384]
[1650][26384][26400]
[1651][26400][26416]
[1652][26416][26432]
[1653][26432][26448]
[1654][26448][26464]
[1655][26464][26480]
[1656][26480][26496]
[1657][26496][26512]
[1658][26512][26528]
[1659][26528][26544]
[1660][26544][26560]
[1661][26560][26576]
[1662][26576][26592]
[1663][26592][26608]
[1664][26608][26624]
[1665][26624][26640]
[1666][26640][26656]
[1667][26656][26672]
[1668][26672][26688]
[1669][26688][26704]
[1670][26704][26720]
[1671][26720][26736]
[1672][26736][26752]
[1673][26752][26768]
[1674][26768][26784]
[1675][26784][26800]
[1676][26800][26816]
[1677][26816][26832]
[1678][26832][26848]
[1679][26848][26864]
[1680][26864][26880]
[1681][26880][26896]
[1682][26896][26912]
[1683][26912][26928]
[1684][26928][26944]
[1685][26944][26960]
[1686][26960][26976]
[1687][26976][26992]
[1688][26992][27008]
[1689][27008][27024]
[1690][27024][27040]
[1691][27040][27056]
[1692][27056][27072]
[1693][27072][27088]
[1694][27088][27104]
[1695][27104][27120]
[1696][27120][27136]
[1697][27136][27152]
[1698][27152][27168]
[1699][27168][27184]
[1700][27184][27200]
[1701][27200][27216]
[1702][27216][27232]
[1703][27232][27248]
[1704][27248][27264]
[1705][27264][27280]
[1706][27280][27296]
[1707][27296][27312]
[1708][27312][27328]
[1709][27328][27344]
[1710][27344][27360]
[1711][27360][27376]
[1712][27376][27392]
[1713][27392][27408]
[1714][27408][27424]
[1715][27424][27440]
[1716][27440][27456]
[1717][27456][27472]
[1718][27472][27488]
[1719][27488][27504]
[1720][27504][27520]
[1721][27520][27536]
[1722][27536][27552]
[1723][27552][27568]
[1724][27568][27584]
[1725][27584][27600]
[1726][27600][27616]
[1727][27616][27632]
[1728][27632][27648]
[1729][27648][27664]
[1730][27664][27680]
[1731][27680][27696]
[1732][27696][27712]
[1733][27712][27728]
[1734][27728][27744]
[1735][27744][27760]
[1736][27760][27776]
[1737][27776][27792]
[1738][27792][27808]
[1739][27808][27824]
[1740][27824][27840]
[1741][27840][27856]
[1742][27856][27872]
[1743][27872][27888]
[1744][27888][27904]
[1745][27904][27920]
[1746][27920][27936]
[1747][27936][27952]
[1748][27952][27968]
[1749][27968][27984]
[1750][27984][28000]
[1751][28000][28016]
[1752][28016][28032]
[1753][28032][28048]
[1754][28048][28064]
[1755][28064][28080]
[1756][28080][28096]
[1757][28096][28112]
[1758][28112][28128]
[1759][28128][28144]
[1760][28144][28160]
[1761][28160][28176]
[1762][28176][28192]
[1763][28192][28208]
[1764][28208][28224]
[1765][28224][28240]
[1766][28240][28256]
[1767][28256][28272]
[1768][28272][28288]
[1769][28288][28304]
[1770][28304][28320]
[1771][28320][28336]
[1772][28336][28352]
[1773][28352][28368]
[1774][28368][28384]
[1775][28384][28400]
[1776][28400][28416]
[1777][28416][28432]
[1778][28432][28448]
[1779][28448][28464]
[1780][28464][28480]
[1781][28480][28496]
[1782][28496][28512]
[1783][28512][28528]
[1784][28528][28544]
[1785][28544][28560]
[1786][28560][28576]
[1787][28576][28592]
[1788][28592][28608]
[1789][28608][28624]
[1790][28624][28640]
[1791][28640][28656]
[1792][28656][28672]
[1793][28672][28688]
[1794][28688][28704]
[1795][28704][28720]
[1796][28720][28736]
[1797][28736][28752]
[1798][28752][28768]
[1799][28768][28784]
[1800][28784][28800]
[1801][28800][28816]
[1802][28816][28832]
[1803][28832][28848]
[1804][28848][28864]
[1805][28864][28880]
[1806][28880][28896]
[1807][28896][28912]
[1808][28912][28928]
[1809][28928][28944]
[1810][28944][28960]
[1811][28960][28976]
[1812][28976][28992]
[1813][28992][29008]
[1814][29008][29024]
[1815][29024][29040]
[1816][29040][29056]
[1817][29056][29072]
[1818][29072][29088]
[1819][29088][29104]
[1820][29104][29120]
[1821][29120][29136]
[1822][29136][29152]
[1823][29152][29168]
[1824][29168][29184]
[1825][29184][29200]
[1826][29200][29216]
[1827][29216][29232]
[1828][29232][29248]
[1829][29248][29264]
[1830][29264][29280]
[1831][29280][29296]
[1832][29296][29312]
[1833][29312][29328]
[1834][29328][29344]
[1835][29344][29360]
[1836][29360][29376]
[1837][29376][29392]
[1838][29392][29408]
[1839][29408][29424]
[1840][29424][29440]
[1841][29440][29456]
[1842][29456][29472]
[1843][29472][29488]
[1844][29488][29504]
[1845][29504][29520]
[1846][29520][29536]
[1847][29536][29552]
[1848][29552][29568]
[1849][29568][29584]
[1850][29584][29600]
[1851][29600][29616]
[1852][29616][29632]
[1853][29632][29648]
[1854][29648][29664]
[1855][29664][29680]
[1856][29680][29696]
[1857][29696][29712]
[1858][29712][29728]
[1859][29728][29744]
[1860][29744][29760]
[1861][29760][29776]
[1862][29776][29792]
[1863][29792][29808]
[1864][29808][29824]
[1865][29824][29840]
[1866][29840][29856]
[1867][29856][29872]
[1868][29872][29888]
[1869][29888][29904]
[1870][29904][29920]
[1871][29920][29936]
[1872][29936][29952]
[1873][29952][29968]
[1874][29968][29984]
[1875][29984][30000]
[1876][30000][30016]
[1877][30016][30032]
[1878][30032][30048]
[1879][30048][30064]
[1880][30064][30080]
[1881][30080][30096]
[1882][30096][30112]
[1883][30112][30128]
[1884][30128][30144]
[1885][30144][30160]
[1886][30160][30176]
[1887][30176][30192]
[1888][30192][30208]
[1889][30208][30224]
[1890][30224][30240]
[1891][30240][30256]
[1892][30256][30272]
[1893][30272][30288]
[1894][30288][30304]
[1895][30304][30320]
[1896][30320][30336]
[1897][30336][30352]
[1898][30352][30368]
[1899][30368][30384]
[1900][30384][30400]
[1901][30400][30416]
[1902][30416][30432]
[1903][30432][30448]
[1904][30448][30464]
[1905][30464][30480]
[1906][30480][30496]
[1907][30496][30512]
[1908][30512][30528]
[1909][30528][30544]
[1910][30544][30560]
[1911][30560][30576]
[1912][30576][30592]
[1913][30592][30608]
[1914][30608][30624]
[1915][30624][30640]
[1916][30640][30656]
[1917][30656][30672]
[1918][30672][30688]
[1919][30688][30704]
[1920][30704][30720]
[1921][30720][30736]
[1922][30736][30752]
[1923][30752][30768]
[1924][30768][30784]
[1925][30784][30800]
[1926][30800][30816]
[1927][30816][30832]
[1928][30832][30848]
[1929][30848][30864]
[1930][30864][30880]
[1931][30880][30896]
[1932][30896][30912]
[1933][30912][30928]
[1934][30928][30944]
[1935][30944][30960]
[1936][30960][30976]
[1937][30976][30992]
[1938][30992][31008]
[1939][31008][31024]
[1940][31024][31040]
[1941][31040][31056]
[1942][31056][31072]
[1943][31072][31088]
[1944][31088][31104]
[1945][31104][31120]
[1946][31120][31136]
[1947][31136][31152]
[1948][31152][31168]
[1949][31168][31184]
[1950][31184][31200]
[1951][31200][31216]
[1952][31216][31232]
[1953][31232][31248]
[1954][31248][31264]
[1955][31264][31280]
[1956][31280][31296]
[1957][31296][31312]
[1958][31312][31328]
[1959][31328][31344]
[1960][31344][31360]
[1961][31360][31376]
[1962][31376][31392]
[1963][31392][31408]
[1964][31408][31424]
[1965][31424][31440]
[1966][31440][31456]
[1967][31456][31472]
[1968][31472][31488]
[1969][31488][31504]
[1970][31504][31520]
[1971][31520][31536]
[1972][31536][31552]
[1973][31552][31568]
[1974][31568][31584]
[1975][31584][31600]
[1976][31600][31616]
[1977][31616][31632]
[1978][31632][31648]
[1979][31648][31664]
[1980][31664][31680]
[1981][31680][31696]
[1982][31696][31712]
[1983][31712][31728]
[1984][31728][31744]
[1985][31744][31760]
[1986][31760][31776]
[1987][31776][31792]
[1988][31792][31808]
[1989][31808][31824]
[1990][31824][31840]
[1991][31840][31856]
[1992][31856][31872]
[1993][31872][31888]
[1994][31888][31904]
[1995][31904][31920]
[1996][31920][31936]
[1997][31936][31952]
[1998][31952][31968]
[1999][31968][31984]
[2000][31984][32000]
[2001][32000][32016]
[2002][32016][32032]
[2003][32032][32048]
[2004][32048][32064]
[2005][32064][32080]
[2006][32080][32096]
[2007][32096][32112]
[2008][32112][32128]
[2009][32128][32144]
[2010][32144][32160]
[2011][32160][32176]
[2012][32176][32192]
[2013][32192][32208]
[2014][32208][32224]
[2015][32224][32240]
[2016][32240][32256]
[2017][32256][32272]
[2018][32272][32288]
[2019][32288][32304]
[2020][32304][32320]
[2021][32320][32336]
[2022][32336][32352]
[2023][32352][32368]
[2024][32368][32384]
[2025][32384][32400]
[2026][32400][32416]
[2027][32416][32432]
[2028][32432][32448]
[2029][32448][32464]
[2030][32464][32480]
[2031][32480][32496]
[2032][32496][32512]
[2033][32512][32528]
[2034][32528][32544]
[2035][32544][32560]
[2036][32560][32576]
[2037][32576][32592]
[2038][32592][32608]
[2039][32608][32624]
[2040][32624][32640]
[2041][32640][32656]
[2042][32656][32672]
[2043][32672][32688]
[2044][32688][32704]
[2045][32704][32720]
[2046][32720][32736]
[2047][32736][32752]
[2048][32752][32768]
[2049][32768][32784]
[2050][32784][32800]
[2051][32800][32816]
[2052][32816][32832]
[2053][32832][32848]
[2054][32848][32864]
[2055][32864][32880]
[2056][32880][32896]
[2057][32896][32912]
[2058][32912][32928]
[2059][32928][32944]
[2060][32944][32960]
[2061][32960][32976]
[2062][32976][32992]
[2063][32992][33008]
[2064][33008][33024]
[2065][33024][33040]
[2066][33040][33056]
[2067][33056][33072]
[2068][33072][33088]
[2069][33088][33104]
[2070][33104][33120]
[2071][33120][33136]
[2072][33136][33152]
[2073][33152][33168]
[2074][33168][33184]
[2075][33184][33200]
[2076][33200][33216]
[2077][33216][33232]
[2078][33232][33248]
[2079][33248][33264]
[2080][33264][33280]
[2081][33280][33296]
[2082][33296][33312]
[2083][33312][33328]
[2084][33328][33344]
[2085][33344][33360]
[2086][33360][33376]
[2087][33376][33392]
[2088][33392][33408]
[2089][33408][33424]
[2090][33424][33440]
[2091][33440][33456]
[2092][33456][33472]
[2093][33472][33488]
[2094][33488][33504]
[2095][33504][33520]
[2096][33520][33536]
[2097][33536][33552]
[2098][33552][33568]
[2099][33568][33584]
[2100][33584][33600]
[2101][33600][33616]
[2102][33616][33632]
[2103][33632][33648]
[2104][33648][33664]
[2105][33664][33680]
[2106][33680][33696]
[2107][33696][33712]
[2108][33712][33728]
[2109][33728][33744]
[2110][33744][33760]
[2111][33760][33776]
[2112][33776][33792]
[2113][33792][33808]
[2114][33808][33824]
[2115][33824][33840]
[2116][33840][33856]
[2117][33856][33872]
[2118][33872][33888]
[2119][33888][33904]
[2120][33904][33920]
[2121][33920][33936]
[2122][33936][33952]
[2123][33952][33968]
[2124][33968][33984]
[2125][33984][34000]
[2126][34000][34016]
[2127][34016][34032]
[2128][34032][34048]
[2129][34048][34064]
[2130][34064][34080]
[2131][34080][34096]
[2132][34096][34112]
[2133][34112][34128]
[2134][34128][34144]
[2135][34144][34160]
[2136][34160][34176]
[2137][34176][34192]
[2138][34192][34208]
[2139][34208][34224]
[2140][34224][34240]
[2141][34240][34256]
[2142][34256][34272]
[2143][34272][34288]
[2144][34288][34304]
[2145][34304][34320]
[2146][34320][34336]
[2147][34336][34352]
[2148][34352][34368]
[2149][34368][34384]
[2150][34384][34400]
[2151][34400][34416]
[2152][34416][34432]
[2153][34432][34448]
[2154][34448][34464]
[2155][34464][34480]
[2156][34480][34496]
[2157][34496][34512]
[2158][34512][34528]
[2159][34528][34544]
[2160][34544][34560]
[2161][34560][34576]
[2162][34576][34592]
[2163][34592][34608]
[2164][34608][34624]
[2165][34624][34640]
[2166][34640][34656]
[2167][34656][34672]
[2168][34672][34688]
[2169][34688][34704]
[2170][34704][34720]
[2171][34720][34736]
[2172][34736][34752]
[2173][34752][34768]
[2174][34768][34784]
[2175][34784][34800]
[2176][34800][34816]
[2177][34816][34832]
[2178][34832][34848]
[2179][34848][34864]
[2180][34864][34880]
[2181][34880][34896]
[2182][34896][34912]
[2183][34912][34928]
[2184][34928][34944]
[2185][34944][34960]
[2186][34960][34976]
[2187][34976][34992]
[2188][34992][35008]
[2189][35008][35024]
[2190][35024][35040]
[2191][35040][35056]
[2192][35056][35072]
[2193][35072][35088]
[2194][35088][35104]
[2195][35104][35120]
[2196][35120][35136]
[2197][35136][35152]
[2198][35152][35168]
[2199][35168][35184]
[2200][35184][35200]
[2201][35200][35216]
[2202][35216][35232]
[2203][35232][35248]
[2204][35248][35264]
[2205][35264][35280]
[2206][35280][35296]
[2207][35296][35312]
[2208][35312][35328]
[2209][35328][35344]
[2210][35344][35360]
[2211][35360][35376]
[2212][35376][35392]
[2213][35392][35408]
[2214][35408][35424]
[2215][35424][35440]
[2216][35440][35456]
[2217][35456][35472]
[2218][35472][35488]
[2219][35488][35504]
[2220][35504][35520]
[2221][35520][35536]
[2222][35536][35552]
[2223][35552][35568]
[2224][35568][35584]
[2225][35584][35600]
[2226][35600][35616]
[2227][35616][35632]
[2228][35632][35648]
[2229][35648][35664]
[2230][35664][35680]
[2231][35680][35696]
[2232][35696][35712]
[2233][35712][35728]
[2234][35728][35744]
[2235][35744][35760]
[2236][35760][35776]
[2237][35776][35792]
[2238][35792][35808]
[2239][35808][35824]
[2240][35824][35840]
[2241][35840][35856]
[2242][35856][35872]
[2243][35872][35888]
[2244][35888][35904]
[2245][35904][35920]
[2246][35920][35936]
[2247][35936][35952]
[2248][35952][35968]
[2249][35968][35984]
[2250][35984][36000]
[2251][36000][36016]
[2252][36016][36032]
[2253][36032][36048]
[2254][36048][36064]
[2255][36064][36080]
[2256][36080][36096]
[2257][36096][36112]
[2258][36112][36128]
[2259][36128][36144]
[2260][36144][36160]
[2261][36160][36176]
[2262][36176][36192]
[2263][36192][36208]
[2264][36208][36224]
[2265][36224][36240]
[2266][36240][36256]
[2267][36256][36272]
[2268][36272][36288]
[2269][36288][36304]
[2270][36304][36320]
[2271][36320][36336]
[2272][36336][36352]
[2273][36352][36368]
[2274][36368][36384]
[2275][36384][36400]
[2276][36400][36416]
[2277][36416][36432]
[2278][36432][36448]
[2279][36448][36464]
[2280][36464][36480]
[2281][36480][36496]
[2282][36496][36512]
[2283][36512][36528]
[2284][36528][36544]
[2285][36544][36560]
[2286][36560][36576]
[2287][36576][36592]
[2288][36592][36608]
[2289][36608][36624]
[2290][36624][36640]
[2291][36640][36656]
[2292][36656][36672]
[2293][36672][36688]
[2294][36688][36704]
[2295][36704][36720]
[2296][36720][36736]
[2297][36736][36752]
[2298][36752][36768]
[2299][36768][36784]
[2300][36784][36800]
[2301][36800][36816]
[2302][36816][36832]
[2303][36832][36848]
[2304][36848][36864]
[2305][36864][36880]
[2306][36880][36896]
[2307][36896][36912]
[2308][36912][36928]
[2309][36928][36944]
[2310][36944][36960]
[2311][36960][36976]
[2312][36976][36992]
[2313][36992][37008]
[2314][37008][37024]
[2315][37024][37040]
[2316][37040][37056]
[2317][37056][37072]
[2318][37072][37088]
[2319][37088][37104]
[2320][37104][37120]
[2321][37120][37136]
[2322][37136][37152]
[2323][37152][37168]
[2324][37168][37184]
[2325][37184][37200]
[2326][37200][37216]
[2327][37216][37232]
[2328][37232][37248]
[2329][37248][37264]
[2330][37264][37280]
[2331][37280][37296]
[2332][37296][37312]
[2333][37312][37328]
[2334][37328][37344]
[2335][37344][37360]
[2336][37360][37376]
[2337][37376][37392]
[2338][37392][37408]
[2339][37408][37424]
[2340][37424][37440]
[2341][37440][37456]
[2342][37456][37472]
[2343][37472][37488]
[2344][37488][37504]
[2345][37504][37520]
[2346][37520][37536]
[2347][37536][37552]
[2348][37552][37568]
[2349][37568][37584]
[2350][37584][37600]
[2351][37600][37616]
[2352][37616][37632]
[2353][37632][37648]
[2354][37648][37664]
[2355][37664][37680]
[2356][37680][37696]
[2357][37696][37712]
[2358][37712][37728]
[2359][37728][37744]
[2360][37744][37760]
[2361][37760][37776]
[2362][37776][37792]
[2363][37792][37808]
[2364][37808][37824]
[2365][37824][37840]
[2366][37840][37856]
[2367][37856][37872]
[2368][37872][37888]
[2369][37888][37904]
[2370][37904][37920]
[2371][37920][37936]
[2372][37936][37952]
[2373][37952][37968]
[2374][37968][37984]
[2375][37984][38000]
[2376][38000][38016]
[2377][38016][38032]
[2378][38032][38048]
[2379][38048][38064]
[2380][38064][38080]
[2381][38080][38096]
[2382][38096][38112]
[2383][38112][38128]
[2384][38128][38144]
[2385][38144][38160]
[2386][38160][38176]
[2387][38176][38192]
[2388][38192][38208]
[2389][38208][38224]
[2390][38224][38240]
[2391][38240][38256]
[2392][38256][38272]
[2393][38272][38288]
[2394][38288][38304]
[2395][38304][38320]
[2396][38320][38336]
[2397][38336][38352]
[2398][38352][38368]
[2399][38368][38384]
[2400][38384][38400]
[2401][38400][38416]
[2402][38416][38432]
[2403][38432][38448]
[2404][38448][38464]
[2405][38464][38480]
[2406][38480][38496]
[2407][38496][38512]
[2408][38512][38528]
[2409][38528][38544]
[2410][38544][38560]
[2411][38560][38576]
[2412][38576][38592]
[2413][38592][38608]
[2414][38608][38624]
[2415][38624][38640]
[2416][38640][38656]
[2417][38656][38672]
[2418][38672][38688]
[2419][38688][38704]
[2420][38704][38720]
[2421][38720][38736]
[2422][38736][38752]
[2423][38752][38768]
[2424][38768][38784]
[2425][38784][38800]
[2426][38800][38816]
[2427][38816][38832]
[2428][38832][38848]
[2429][38848][38864]
[2430][38864][38880]
[2431][38880][38896]
[2432][38896][38912]
[2433][38912][38928]
[2434][38928][38944]
[2435][38944][38960]
[2436][38960][38976]
[2437][38976][38992]
[2438][38992][39008]
[2439][39008][39024]
[2440][39024][39040]
[2441][39040][39056]
[2442][39056][39072]
[2443][39072][39088]
[2444][39088][39104]
[2445][39104][39120]
[2446][39120][39136]
[2447][39136][39152]
[2448][39152][39168]
[2449][39168][39184]
[2450][39184][39200]
[2451][39200][39216]
[2452][39216][39232]
[2453][39232][39248]
[2454][39248][39264]
[2455][39264][39280]
[2456][39280][39296]
[2457][39296][39312]
[2458][39312][39328]
[2459][39328][39344]
[2460][39344][39360]
[2461][39360][39376]
[2462][39376][39392]
[2463][39392][39408]
[2464][39408][39424]
[2465][39424][39440]
[2466][39440][39456]
[2467][39456][39472]
[2468][39472][39488]
[2469][39488][39504]
[2470][39504][39520]
[2471][39520][39536]
[2472][39536][39552]
[2473][39552][39568]
[2474][39568][39584]
[2475][39584][39600]
[2476][39600][39616]
[2477][39616][39632]
[2478][39632][39648]
[2479][39648][39664]
[2480][39664][39680]
[2481][39680][39696]
[2482][39696][39712]
[2483][39712][39728]
[2484][39728][39744]
[2485][39744][39760]
[2486][39760][39776]
[2487][39776][39792]
[2488][39792][39808]
[2489][39808][39824]
[2490][39824][39840]
[2491][39840][39856]
[2492][39856][39872]
[2493][39872][39888]
[2494][39888][39904]
[2495][39904][39920]
[2496][39920][39936]
[2497][39936][39952]
[2498][39952][39968]
[2499][39968][39984]
[2500][39984][40000]
[2501][40000][40016]
[2502][40016][40032]
[2503][40032][40048]
[2504][40048][40064]
[2505][40064][40080]
[2506][40080][40096]
[2507][40096][40112]
[2508][40112][40128]
[2509][40128][40144]
[2510][40144][40160]
[2511][40160][40176]
[2512][40176][40192]
[2513][40192][40208]
[2514][40208][40224]
[2515][40224][40240]
[2516][40240][40256]
[2517][40256][40272]
[2518][40272][40288]
[2519][40288][40304]
[2520][40304][40320]
[2521][40320][40336]
[2522][40336][40352]
[2523][40352][40368]
[2524][40368][40384]
[2525][40384][40400]
[2526][40400][40416]
[2527][40416][40432]
[2528][40432][40448]
[2529][40448][40464]
[2530][40464][40480]
[2531][40480][40496]
[2532][40496][40512]
[2533][40512][40528]
[2534][40528][40544]
[2535][40544][40560]
[2536][40560][40576]
[2537][40576][40592]
[2538][40592][40608]
[2539][40608][40624]
[2540][40624][40640]
[2541][40640][40656]
[2542][40656][40672]
[2543][40672][40688]
[2544][40688][40704]
[2545][40704][40720]
[2546][40720][40736]
[2547][40736][40752]
[2548][40752][40768]
[2549][40768][40784]
[2550][40784][40800]
[2551][40800][40816]
[2552][40816][40832]
[2553][40832][40848]
[2554][40848][40864]
[2555][40864][40880]
[2556][40880][40896]
[2557][40896][40912]
[2558][40912][40928]
[2559][40928][40944]
[2560][40944][40960]
[2561][40960][40976]
[2562][40976][40992]
[2563][40992][41008]
[2564][41008][41024]
[2565][41024][41040]
[2566][41040][41056]
[2567][41056][41072]
[2568][41072][41088]
[2569][41088][41104]
[2570][41104][41120]
[2571][41120][41136]
[2572][41136][41152]
[2573][41152][41168]
[2574][41168][41184]
[2575][41184][41200]
[2576][41200][41216]
[2577][41216][41232]
[2578][41232][41248]
[2579][41248][41264]
[2580][41264][41280]
[2581][41280][41296]
[2582][41296][41312]
[2583][41312][41328]
[2584][41328][41344]
[2585][41344][41360]
[2586][41360][41376]
[2587][41376][41392]
[2588][41392][41408]
[2589][41408][41424]
[2590][41424][41440]
[2591][41440][41456]
[2592][41456][41472]
[2593][41472][41488]
[2594][41488][41504]
[2595][41504][41520]
[2596][41520][41536]
[2597][41536][41552]
[2598][41552][41568]
[2599][41568][41584]
[2600][41584][41600]
[2601][41600][41616]
[2602][41616][41632]
[2603][41632][41648]
[2604][41648][41664]
[2605][41664][41680]
[2606][41680][41696]
[2607][41696][41712]
[2608][41712][41728]
[2609][41728][41744]
[2610][41744][41760]
[2611][41760][41776]
[2612][41776][41792]
[2613][41792][41808]
[2614][41808][41824]
[2615][41824][41840]
[2616][41840][41856]
[2617][41856][41872]
[2618][41872][41888]
[2619][41888][41904]
[2620][41904][41920]
[2621][41920][41936]
[2622][41936][41952]
[2623][41952][41968]
[2624][41968][41984]
[2625][41984][42000]
[2626][42000][42016]
[2627][42016][42032]
[2628][42032][42048]
[2629][42048][42064]
[2630][42064][42080]
[2631][42080][42096]
[2632][42096][42112]
[2633][42112][42128]
[2634][42128][42144]
[2635][42144][42160]
[2636][42160][42176]
[2637][42176][42192]
[2638][42192][42208]
[2639][42208][42224]
[2640][42224][42240]
[2641][42240][42256]
[2642][42256][42272]
[2643][42272][42288]
[2644][42288][42304]
[2645][42304][42320]
[2646][42320][42336]
[2647][42336][42352]
[2648][42352][42368]
[2649][42368][42384]
[2650][42384][42400]
[2651][42400][42416]
[2652][42416][42432]
[2653][42432][42448]
[2654][42448][42464]
[2655][42464][42480]
[2656][42480][42496]
[2657][42496][42512]
[2658][42512][42528]
[2659][42528][42544]
[2660][42544][42560]
[2661][42560][42576]
[2662][42576][42592]
[2663][42592][42608]
[2664][42608][42624]
[2665][42624][42640]
[2666][42640][42656]
[2667][42656][42672]
[2668][42672][42688]
[2669][42688][42704]
[2670][42704][42720]
[2671][42720][42736]
[2672][42736][42752]
[2673][42752][42768]
[2674][42768][42784]
[2675][42784][42800]
[2676][42800][42816]
[2677][42816][42832]
[2678][42832][42848]
[2679][42848][42864]
[2680][42864][42880]
[2681][42880][42896]
[2682][42896][42912]
[2683][42912][42928]
[2684][42928][42944]
[2685][42944][42960]
[2686][42960][42976]
[2687][42976][42992]
[2688][42992][43008]
[2689][43008][43024]
[2690][43024][43040]
[2691][43040][43056]
[2692][43056][43072]
[2693][43072][43088]
[2694][43088][43104]
[2695][43104][43120]
[2696][43120][43136]
[2697][43136][43152]
[2698][43152][43168]
[2699][43168][43184]
[2700][43184][43200]
[2701][43200][43216]
[2702][43216][43232]
[2703][43232][43248]
[2704][43248][43264]
[2705][43264][43280]
[2706][43280][43296]
[2707][43296][43312]
[2708][43312][43328]
[2709][43328][43344]
[2710][43344][43360]
[2711][43360][43376]
[2712][43376][43392]
[2713][43392][43408]
[2714][43408][43424]
[2715][43424][43440]
[2716][43440][43456]
[2717][43456][43472]
[2718][43472][43488]
[2719][43488][43504]
[2720][43504][43520]
[2721][43520][43536]
[2722][43536][43552]
[2723][43552][43568]
[2724][43568][43584]
[2725][43584][43600]
[2726][43600][43616]
[2727][43616][43632]
[2728][43632][43648]
[2729][43648][43664]
[2730][43664][43680]
[2731][43680][43696]
[2732][43696][43712]
[2733][43712][43728]
[2734][43728][43744]
[2735][43744][43760]
[2736][43760][43776]
[2737][43776][43792]
[2738][43792][43808]
[2739][43808][43824]
[2740][43824][43840]
[2741][43840][43856]
[2742][43856][43872]
[2743][43872][43888]
[2744][43888][43904]
[2745][43904][43920]
[2746][43920][43936]
[2747][43936][43952]
[2748][43952][43968]
[2749][43968][43984]
[2750][43984][44000]
[2751][44000][44016]
[2752][44016][44032]
[2753][44032][44048]
[2754][44048][44064]
[2755][44064][44080]
[2756][44080][44096]
[2757][44096][44112]
[2758][44112][44128]
[2759][44128][44144]
[2760][44144][44160]
[2761][44160][44176]
[2762][44176][44192]
[2763][44192][44208]
[2764][44208][44224]
[2765][44224][44240]
[2766][44240][44256]
[2767][44256][44272]
[2768][44272][44288]
[2769][44288][44304]
[2770][44304][44320]
[2771][44320][44336]
[2772][44336][44352]
[2773][44352][44368]
[2774][44368][44384]
[2775][44384][44400]
[2776][44400][44416]
[2777][44416][44432]
[2778][44432][44448]
[2779][44448][44464]
[2780][44464][44480]
[2781][44480][44496]
[2782][44496][44512]
[2783][44512][44528]
[2784][44528][44544]
[2785][44544][44560]
[2786][44560][44576]
[2787][44576][44592]
[2788][44592][44608]
[2789][44608][44624]
[2790][44624][44640]
[2791][44640][44656]
[2792][44656][44672]
[2793][44672][44688]
[2794][44688][44704]
[2795][44704][44720]
[2796][44720][44736]
[2797][44736][44752]
[2798][44752][44768]
[2799][44768][44784]
[2800][44784][44800]
[2801][44800][44816]
[2802][44816][44832]
[2803][44832][44848]
[2804][44848][44864]
[2805][44864][44880]
[2806][44880][44896]
[2807][44896][44912]
[2808][44912][44928]
[2809][44928][44944]
[2810][44944][44960]
[2811][44960][44976]
[2812][44976][44992]
[2813][44992][45008]
[2814][45008][45024]
[2815][45024][45040]
[2816][45040][45056]
[2817][45056][45072]
[2818][45072][45088]
[2819][45088][45104]
[2820][45104][45120]
[2821][45120][45136]
[2822][45136][45152]
[2823][45152][45168]
[2824][45168][45184]
[2825][45184][45200]
[2826][45200][45216]
[2827][45216][45232]
[2828][45232][45248]
[2829][45248][45264]
[2830][45264][45280]
[2831][45280][45296]
[2832][45296][45312]
[2833][45312][45328]
[2834][45328][45344]
[2835][45344][45360]
[2836][45360][45376]
[2837][45376][45392]
[2838][45392][45408]
[2839][45408][45424]
[2840][45424][45440]
[2841][45440][45456]
[2842][45456][45472]
[2843][45472][45488]
[2844][45488][45504]
[2845][45504][45520]
[2846][45520][45536]
[2847][45536][45552]
[2848][45552][45568]
[2849][45568][45584]
[2850][45584][45600]
[2851][45600][45616]
[2852][45616][45632]
[2853][45632][45648]
[2854][45648][45664]
[2855][45664][45680]
[2856][45680][45696]
[2857][45696][45712]
[2858][45712][45728]
[2859][45728][45744]
[2860][45744][45760]
[2861][45760][45776]
[2862][45776][45792]
[2863][45792][45808]
[2864][45808][45824]
[2865][45824][45840]
[2866][45840][45856]
[2867][45856][45872]
[2868][45872][45888]
[2869][45888][45904]
[2870][45904][45920]
[2871][45920][45936]
[2872][45936][45952]
[2873][45952][45968]
[2874][45968][45984]
[2875][45984][46000]
[2876][46000][46016]
[2877][46016][46032]
[2878][46032][46048]
[2879][46048][46064]
[2880][46064][46080]
[2881][46080][46096]
[2882][46096][46112]
[2883][46112][46128]
[2884][46128][46144]
[2885][46144][46160]
[2886][46160][46176]
[2887][46176][46192]
[2888][46192][46208]
[2889][46208][46224]
[2890][46224][46240]
[2891][46240][46256]
[2892][46256][46272]
[2893][46272][46288]
[2894][46288][46304]
[2895][46304][46320]
[2896][46320][46336]
[2897][46336][46352]
[2898][46352][46368]
[2899][46368][46384]
[2900][46384][46400]
[2901][46400][46416]
[2902][46416][46432]
[2903][46432][46448]
[2904][46448][46464]
[2905][46464][46480]
[2906][46480][46496]
[2907][46496][46512]
[2908][46512][46528]
[2909][46528][46544]
[2910][46544][46560]
[2911][46560][46576]
[2912][46576][46592]
[2913][46592][46608]
[2914][46608][46624]
[2915][46624][46640]
[2916][46640][46656]
[2917][46656][46672]
[2918][46672][46688]
[2919][46688][46704]
[2920][46704][46720]
[2921][46720][46736]
[2922][46736][46752]
[2923][46752][46768]
[2924][46768][46784]
[2925][46784][46800]
[2926][46800][46816]
[2927][46816][46832]
[2928][46832][46848]
[2929][46848][46864]
[2930][46864][46880]
[2931][46880][46896]
[2932][46896][46912]
[2933][46912][46928]
[2934][46928][46944]
[2935][46944][46960]
[2936][46960][46976]
[2937][46976][46992]
[2938][46992][47008]
[2939][47008][47024]
[2940][47024][47040]
[2941][47040][47056]
[2942][47056][47072]
[2943][47072][47088]
[2944][47088][47104]
[2945][47104][47120]
[2946][47120][47136]
[2947][47136][47152]
[2948][47152][47168]
[2949][47168][47184]
[2950][47184][47200]
[2951][47200][47216]
[2952][47216][47232]
[2953][47232][47248]
[2954][47248][47264]
[2955][47264][47280]
[2956][47280][47296]
[2957][47296][47312]
[2958][47312][47328]
[2959][47328][47344]
[2960][47344][47360]
[2961][47360][47376]
[2962][47376][47392]
[2963][47392][47408]
[2964][47408][47424]
[2965][47424][47440]
[2966][47440][47456]
[2967][47456][47472]
[2968][47472][47488]
[2969][47488][47504]
[2970][47504][47520]
[2971][47520][47536]
[2972][47536][47552]
[2973][47552][47568]
[2974][47568][47584]
[2975][47584][47600]
[2976][47600][47616]
[2977][47616][47632]
[2978][47632][47648]
[2979][47648][47664]
[2980][47664][47680]
[2981][47680][47696]
[2982][47696][47712]
[2983][47712][47728]
[2984][47728][47744]
[2985][47744][47760]
[2986][47760][47776]
[2987][47776][47792]
[2988][47792][47808]
[2989][47808][47824]
[2990][47824][47840]
[2991][47840][47856]
[2992][47856][47872]
[2993][47872][47888]
[2994][47888][47904]
[2995][47904][47920]
[2996][47920][47936]
[2997][47936][47952]
[2998][47952][47968]
[2999][47968][47984]
[3000][47984][48000]
[3001][48000][48016]
[3002][48016][48032]
[3003][48032][48048]
[3004][48048][48064]
[3005][48064][48080]
[3006][48080][48096]
[3007][48096][48112]
[3008][48112][48128]
[3009][48128][48144]
[3010][48144][48160]
[3011][48160][48176]
[3012][48176][48192]
[3013][48192][48208]
[3014][48208][48224]
[3015][48224][48240]
[3016][48240][48256]
[3017][48256][48272]
[3018][48272][48288]
[3019][48288][48304]
[3020][48304][48320]
[3021][48320][48336]
[3022][48336][48352]
[3023][48352][48368]
[3024][48368][48384]
[3025][48384][48400]
[3026][48400][48416]
[3027][48416][48432]
[3028][48432][48448]
[3029][48448][48464]
[3030][48464][48480]
[3031][48480][48496]
[3032][48496][48512]
[3033][48512][48528]
[3034][48528][48544]
[3035][48544][48560]
[3036][48560][48576]
[3037][48576][48592]
[3038][48592][48608]
[3039][48608][48624]
[3040][48624][48640]
[3041][48640][48656]
[3042][48656][48672]
[3043][48672][48688]
[3044][48688][48704]
[3045][48704][48720]
[3046][48720][48736]
[3047][48736][48752]
[3048][48752][48768]
[3049][48768][48784]
[3050][48784][48800]
[3051][48800][48816]
[3052][48816][48832]
[3053][48832][48848]
[3054][48848][48864]
[3055][48864][48880]
[3056][48880][48896]
[3057][48896][48912]
[3058][48912][48928]
[3059][48928][48944]
[3060][48944][48960]
[3061][48960][48976]
[3062][48976][48992]
[3063][48992][49008]
[3064][49008][49024]
[3065][49024][49040]
[3066][49040][49056]
[3067][49056][49072]
[3068][49072][49088]
[3069][49088][49104]
[3070][49104][49120]
[3071][49120][49136]
[3072][49136][49152]
[3073][49152][49168]
[3074][49168][49184]
[3075][49184][49200]
[3076][49200][49216]
[3077][49216][49232]
[3078][49232][49248]
[3079][49248][49264]
[3080][49264][49280]
[3081][49280][49296]
[3082][49296][49312]
[3083][49312][49328]
[3084][49328][49344]
[3085][49344][49360]
[3086][49360][49376]
[3087][49376][49392]
[3088][49392][49408]
[3089][49408][49424]
[3090][49424][49440]
[3091][49440][49456]
[3092][49456][49472]
[3093][49472][49488]
[3094][49488][49504]
[3095][49504][49520]
[3096][49520][49536]
[3097][49536][49552]
[3098][49552][49568]
[3099][49568][49584]
[3100][49584][49600]
[3101][49600][49616]
[3102][49616][49632]
[3103][49632][49648]
[3104][49648][49664]
[3105][49664][49680]
[3106][49680][49696]
[3107][49696][49712]
[3108][49712][49728]
[3109][49728][49744]
[3110][49744][49760]
[3111][49760][49776]
[3112][49776][49792]
[3113][49792][49808]
[3114][49808][49824]
[3115][49824][49840]
[3116][49840][49856]
[3117][49856][49872]
[3118][49872][49888]
[3119][49888][49904]
[3120][49904][49920]
[3121][49920][49936]
[3122][49936][49952]
[3123][49952][49968]
[3124][49968][49984]
[3125][49984][50000]
[3126][50000][50016]
[3127][50016][50032]
[3128][50032][50048]
[3129][50048][50064]
[3130][50064][50080]
[3131][50080][50096]
[3132][50096][50112]
[3133][50112][50128]
[3134][50128][50144]
[3135][50144][50160]
[3136][50160][50176]
[3137][50176][50192]
[3138][50192][50208]
[3139][50208][50224]
[3140][50224][50240]
[3141][50240][50256]
[3142][50256][50272]
[3143][50272][50288]
[3144][50288][50304]
[3145][50304][50320]
[3146][50320][50336]
[3147][50336][50352]
[3148][50352][50368]
[3149][50368][50384]
[3150][50384][50400]
[3151][50400][50416]
[3152][50416][50432]
[3153][50432][50448]
[3154][50448][50464]
[3155][50464][50480]
[3156][50480][50496]
[3157][50496][50512]
[3158][50512][50528]
[3159][50528][50544]
[3160][50544][50560]
[3161][50560][50576]
[3162][50576][50592]
[3163][50592][50608]
[3164][50608][50624]
[3165][50624][50640]
[3166][50640][50656]
[3167][50656][50672]
[3168][50672][50688]
[3169][50688][50704]
[3170][50704][50720]
[3171][50720][50736]
[3172][50736][50752]
[3173][50752][50768]
[3174][50768][50784]
[3175][50784][50800]
[3176][50800][50816]
[3177][50816][50832]
[3178][50832][50848]
[3179][50848][50864]
[3180][50864][50880]
[3181][50880][50896]
[3182][50896][50912]
[3183][50912][50928]
[3184][50928][50944]
[3185][50944][50960]
[3186][50960][50976]
[3187][50976][50992]
[3188][50992][51008]
[3189][51008][51024]
[3190][51024][51040]
[3191][51040][51056]
[3192][51056][51072]
[3193][51072][51088]
[3194][51088][51104]
[3195][51104][51120]
[3196][51120][51136]
[3197][51136][51152]
[3198][51152][51168]
[3199][51168][51184]
[3200][51184][51200]
[3201][51200][51216]
[3202][51216][51232]
[3203][51232][51248]
[3204][51248][51264]
[3205][51264][51280]
[3206][51280][51296]
[3207][51296][51312]
[3208][51312][51328]
[3209][51328][51344]
[3210][51344][51360]
[3211][51360][51376]
[3212][51376][51392]
[3213][51392][51408]
[3214][51408][51424]
[3215][51424][51440]
[3216][51440][51456]
[3217][51456][51472]
[3218][51472][51488]
[3219][51488][51504]
[3220][51504][51520]
[3221][51520][51536]
[3222][51536][51552]
[3223][51552][51568]
[3224][51568][51584]
[3225][51584][51600]
[3226][51600][51616]
[3227][51616][51632]
[3228][51632][51648]
[3229][51648][51664]
[3230][51664][51680]
[3231][51680][51696]
[3232][51696][51712]
[3233][51712][51728]
[3234][51728][51744]
[3235][51744][51760]
[3236][51760][51776]
[3237][51776][51792]
[3238][51792][51808]
[3239][51808][51824]
[3240][51824][51840]
[3241][51840][51856]
[3242][51856][51872]
[3243][51872][51888]
[3244][51888][51904]
[3245][51904][51920]
[3246][51920][51936]
[3247][51936][51952]
[3248][51952][51968]
[3249][51968][51984]
[3250][51984][52000]
[3251][52000][52016]
[3252][52016][52032]
[3253][52032][52048]
[3254][52048][52064]
[3255][52064][52080]
[3256][52080][52096]
[3257][52096][52112]
[3258][52112][52128]
[3259][52128][52144]
[3260][52144][52160]
[3261][52160][52176]
[3262][52176][52192]
[3263][52192][52208]
[3264][52208][52224]
[3265][52224][52240]
[3266][52240][52256]
[3267][52256][52272]
[3268][52272][52288]
[3269][52288][52304]
[3270][52304][52320]
[3271][52320][52336]
[3272][52336][52352]
[3273][52352][52368]
[3274][52368][52384]
[3275][52384][52400]
[3276][52400][52416]
[3277][52416][52432]
[3278][52432][52448]
[3279][52448][52464]
[3280][52464][52480]
[3281][52480][52496]
[3282][52496][52512]
[3283][52512][52528]
[3284][52528][52544]
[3285][52544][52560]
[3286][52560][52576]
[3287][52576][52592]
[3288][52592][52608]
[3289][52608][52624]
[3290][52624][52640]
[3291][52640][52656]
[3292][52656][52672]
[3293][52672][52688]
[3294][52688][52704]
[3295][52704][52720]
[3296][52720][52736]
[3297][52736][52752]
[3298][52752][52768]
[3299][52768][52784]
[3300][52784][52800]
[3301][52800][52816]
[3302][52816][52832]
[3303][52832][52848]
[3304][52848][52864]
[3305][52864][52880]
[3306][52880][52896]
[3307][52896][52912]
[3308][52912][52928]
[3309][52928][52944]
[3310][52944][52960]
[3311][52960][52976]
[3312][52976][52992]
[3313][52992][53008]
[3314][53008][53024]
[3315][53024][53040]
[3316][53040][53056]
[3317][53056][53072]
[3318][53072][53088]
[3319][53088][53104]
[3320][53104][53120]
[3321][53120][53136]
[3322][53136][53152]
[3323][53152][53168]
[3324][53168][53184]
[3325][53184][53200]
[3326][53200][53216]
[3327][53216][53232]
[3328][53232][53248]
[3329][53248][53264]
[3330][53264][53280]
[3331][53280][53296]
[3332][53296][53312]
[3333][53312][53328]
[3334][53328][53344]
[3335][53344][53360]
[3336][53360][53376]
[3337][53376][53392]
[3338][53392][53408]
[3339][53408][53424]
[3340][53424][53440]
[3341][53440][53456]
[3342][53456][53472]
[3343][53472][53488]
[3344][53488][53504]
[3345][53504][53520]
[3346][53520][53536]
[3347][53536][53552]
[3348][53552][53568]
[3349][53568][53584]
[3350][53584][53600]
[3351][53600][53616]
[3352][53616][53632]
[3353][53632][53648]
[3354][53648][53664]
[3355][53664][53680]
[3356][53680][53696]
[3357][53696][53712]
[3358][53712][53728]
[3359][53728][53744]
[3360][53744][53760]
[3361][53760][53776]
[3362][53776][53792]
[3363][53792][53808]
[3364][53808][53824]
[3365][53824][53840]
[3366][53840][53856]
[3367][53856][53872]
[3368][53872][53888]
[3369][53888][53904]
[3370][53904][53920]